 KNEW   NBM V5.0 NBH GUIDANCE    6/25/2026  2100 UTC
 UTC  22 23 00 01 02 03 04 05 06 07 08 09 10 11 12 13 14 15 16 17 18 19 20 21 22 
 TMP  89 89 88 87 86 85 84 83 82 82 81 81 81 81 81 83 84 86 87 88 89 90 90 91 91
 TSD   3  3  3  2  2  2  1  1  1  1  1  1  1  1  1  1  1  1  1  1  1  1  1  1  1
 DPT  73 73 74 75 75 75 75 75 75 75 75 75 76 76 76 77 76 75 75 75 74 74 74 74 74
 DSD   2  2  2  2  2  2  2  2  2  2  2  2  2  2  2  2  1  1  1  1  2  2  2  2  2
 WBG  83 82 82 81 80 79 79 79 78 79 78 78 78 78 79 81 81 82 84 86 86 86 86 84 84
 SKY  25 20 29 24 13 12  7  7  7  6  9 13  8 17 18 16 12 19 22 30 25 17 16 13 18
 SSD  33 26 33 29 27 24 20 21 16 23 25 23 11 22 25 28 24 22 26 21 23 20 17  9 24
 WDR  21 21 21 19 21 21 21 21 22 22 23 23 23 22 22 22 23 23 24 25 26 20 20 18 20
 WSP   3  4  5  6  7  8  8  7  7  7  7  7  6  6  6  6  7  7  8  8  9  9 10 10 11
 WSD   3  4  4  3  3  3  2  2  2  1  1  1  1  1  2  2  2  2  2  2  3  3  3  3  3
 GST   5  5  5  7  8  9  8  8  8  8  8  8  7  6  6  7  8  9 10 11 12 12 13 14 14
 GSD   3  4  4  3  3  3  3  2  2  2  2  2  2  2  2  2  2  2  2  3  3  3  3  4  3
 P01   5  8  8  9  5  2  1  0  1  1  1  0  0  0  0  0  0  1  1  2  2  3  4  5  6
 P06                           9                 1                 2            
 Q01   0  1  0  1  0  0  0  0  0  0  0  0  0  0  0  0  0  0  0  0  0  0  0  1  2
 T01  10  9  7  5  4  3  1  1  2  1  2  2  2  2  2  2  2  3  4  7  9  9  9  7  6
 PZR   0  0  0  0  0  0  0  0  0  0  0  0  0  0  0  0  0  0  0  0  0  0  0  0  0
 PSN   0  0  0  0  0  0  0  0  0  0  0  0  0  0  0  0  0  0  0  0  0  0  0  0  0
 PPL   0  0  0  0  0  0  0  0  0  0  0  0  0  0  0  0  0  0  0  0  0  0  0  0  0
 PRA   8 11 11  8  0  5  5  0  0  0  0  0  0  0  0  0  0  0  0  3  7  7  7 11 15
 S01   0  0  0  0  0  0  0  0  0  0  0  0  0  0  0  0  0  0  0  0  0  0  0  0  0
 SLV 125125125125127126125124124123123122122122121121121119120120119119120120122
 I01   0  0  0  0  0  0  0  0  0  0  0  0  0  0  0  0  0  0  0  0  0  0  0  0  0
 CIG -88-88-88-88-88-88-88-88-88-88-88-88-88-88-88-88-88-88-88-88-88-88-88-88-88
 MVC   0  0  0  0  0  0  0  0  0  1  1  2  2  2  1  0  4  9  4  1  0  0  0  0  0
 IFC   0  0  0  0  0  0  0  0  0  0  0  0  0  0  0  0  0  0  0  0  0  0  0  0  0
 LIC   0  0  0  0  0  0  0  0  0  0  0  0  0  0  0  0  0  0  0  0  0  0  0  0  0
 LCB 220340110170230160260160160160 80 80 70 46 70 60 30 60 60 60 60 60 50 45 43
 VIS 100100100100100100100100100100100100100100100100100100100100100100100100100
 MVV   0  0  0  0  0  0  0  0  0  0  3  4  7 11  8  1  0  0  0  0  0  0  1  0  0
 IFV   0  0  0  0  0  0  0  0  0  0  1  1  3  4  3  0  0  0  0  0  0  0  0  0  0
 LIV   0  0  0  0  0  0  0  0  0  0  0  0  2  2  2  0  0  0  0  0  0  0  0  0  0
 MHT  16 13 11  7  7  6  6  6  6  5  5  5  6  6  8 13 19 26 29 28 29 29 29 29 31
 TWD  23 19 21 19 21 23 24 24 24 24 24 23 24 22 22 22 22 21 22 23 23 23 20 20 19
 TWS   4  5  6  7  7  8  9  8  8  8  8  8  7  6  6  7  8  9  9  9  9  9 10 10 11
 SOL  59 41 22  0  0  0  0  0  0  0  0  0  0  0  9 26 40 54 71 73 81 83 75 76 42
                                                                          
